64.7 114.8 90.8 54.9 67.3 22.4 57.3 80.9 74.3
89.9 74.5 72 50.2 51 69.8 99.1 96.6 102.4 74.1 108.5
86.7 53.4 53.5 70.3 78.5 126.4 82.4 78.1 51.1 90.9
76.2 104.5 87.4 110.5 25 69.3 53.5 39.8 63.6 46.7
72.9 79.6 83.6 80.7 60.3 79 74.4 49.6 54.7 71.8
49.1 103.9 51.6 82.4 83.6 77.8 79.3 89.6 85.5 58 120.7 
110.5 65.4 39.9 40.1 88.7 71.4 83 55.9 89.9 84.8
105.2 113.7 124.7 114.5 115.6 102.4 101.4 89.8 71.5
70.9 98.3 66.1 71.6 78.4 120.5 97 109.9 78.8 88.7 95.6
82.5 199.4 154.3 97.3 68.4 60.9 112.4 52.4
132.5 107.2 114.7 67.5 56.4 67.4 93.7 57.5 
92.8 93.2 112.7 74.6 141.4 97.6 75.6 100.5 63.6 
158.7 132.4 111.3 100.9 109.1 78.2 88.9 103.8 100.2
74.1 111.18 36.7 58.8 129.9 112.9 55.1 76.1 112.3
